circle 1559.176022 23.643264 5.000000
circle 1468.639438 108.842462 5.000000
circle 1200.500351 110.737011 5.000000
circle 1794.384197 125.772527 5.000000
circle 1416.435748 192.447523 5.000000
circle 1978.031100 199.738725 5.000000
circle 631.365580 224.156747 5.000000
circle 1762.898595 234.869600 5.000000
circle 83.974295 297.205742 5.000000
circle 1939.838447 332.290186 5.000000
circle 1848.939496 336.525890 5.000000
circle 1190.752198 338.331964 5.000000
circle 1415.503404 355.543972 5.000000
circle 1930.166272 384.284393 5.000000
circle 939.684176 404.306860 5.000000
circle 1965.904451 411.145738 5.000000
circle 292.219754 418.783478 5.000000
circle 928.372223 448.023739 5.000000
circle 1406.697278 561.333390 5.000000
circle 1842.829787 575.923376 5.000000
circle 818.744833 680.628121 5.000000
circle 1400.951468 748.655688 5.000000
circle 178.515919 784.058716 5.000000
circle 1831.916424 952.109446 5.000000
circle 1259.817748 994.329220 5.000000
circle 1528.373358 1009.200040 5.000000
circle 456.807930 1054.556776 5.000000
circle 895.461507 1066.675297 5.000000
circle 666.143817 1108.432345 5.000000
circle 1902.362888 1120.224042 5.000000
circle 288.670938 1151.817222 5.000000
circle 817.264890 1180.938424 5.000000
circle 1367.854894 1225.045054 5.000000
circle 1307.812054 1239.239109 5.000000
circle 978.080996 1335.343892 5.000000
circle 635.294987 1356.353297 5.000000
circle 43.719057 1369.531136 5.000000
circle 1611.608448 1385.819717 5.000000
circle 735.981052 1401.201421 5.000000
circle 512.561367 1458.141642 5.000000
circle 2034.647637 1466.223333 5.000000
circle 2032.000571 1482.002394 5.000000
circle 1533.527085 1480.819226 5.000000
circle 1509.861103 1500.255828 5.000000
circle 1442.293771 1502.610024 5.000000
circle 95.092578 1526.289929 5.000000
circle 226.267243 1541.404590 5.000000
circle 1261.611635 1559.818365 5.000000
circle 52.810389 1607.022227 5.000000
circle 142.576573 1608.280492 5.000000
circle 994.353241 1610.987807 5.000000
circle 1352.121752 1647.583061 5.000000
circle 277.283066 1734.351941 5.000000
circle 1132.155625 1734.515030 5.000000
circle 162.503956 1738.087823 5.000000
circle 1338.765851 1817.795911 5.000000
circle 2014.618980 1929.778548 5.000000
circle 737.137505 1974.380776 5.000000
circle 1897.142958 2012.486858 5.000000
